  twt      
           1           2           0           3           0           0
           0           0          96           1
           3           4           1
   1.842264417569380E-001
   9.375000000000000E-003   0.000000000000000E+000   0.000000000000000E+000
   0.000000000000000E+000
   9.090909090909092E-003   0.000000000000000E+000   0.000000000000000E+000
   0.000000000000000E+000
   0.000000000000000E+000
   0.000000000000000E+000
   2.133333333333330E-001    12320.000000000000000
   2.074756755935860E-004
   4.149513511871730E-004
   0.000000000000000E+000   2.790000000000000E-002   2.883000000000000E-002
   0.000000000000000E+000   3.180000000000000E-003   0.000000000000000E+000
   3.150000000000000E-001   0.000000000000000E+000
   2.000000000000000E-002   2.100000000000000E-002   2.400000000000000E-002
   2.500000000000000E-002
